1733030097240 90.625 0
1733030097285 94.53125 0
1733030097331 95.3125 0
1733030097374 92.578125 0
1733030097417 91.25 0
1733030097459 90.88541666666667 0
1733030097500 91.51785714285714 0
1733030097541 91.40625 0
1733030097579 91.14583333333333 0
1733030097618 91.40625 0
1733030097658 91.47727272727273 0
1733030097696 91.40625 0
1733030097734 91.82692307692308 0
1733030097774 91.85267857142857 0
1733030097812 91.97916666666667 0
1733030097850 91.6015625 0
1733030097890 91.36029411764706 0
1733030097929 91.49305555555556 0
1733030097968 91.44736842105263 0
1733030098007 91.328125 0
1733030098046 91.5922619047619 0
1733030098084 91.54829545454545 0
1733030098124 91.64402173913044 0
1733030098162 91.86197916666667 0
1733030098199 91.6875 0
1733030098239 91.64663461538461 0
1733030098277 91.84027777777777 0
1733030098317 91.796875 0
1733030098356 91.91810344827586 0
1733030098394 91.97916666666667 0
1733030098431 92.13709677419355 0
1733030098470 92.138671875 0
1733030098508 92.1875 0
1733030098546 92.37132352941177 0
1733030098585 92.27678571428571 0
1733030098624 92.36111111111111 0
1733030098662 92.48310810810811 0
1733030098700 92.51644736842105 0
1733030098740 92.50801282051282 0
1733030098777 92.5 0
1733030098816 92.5685975609756 0
1733030098853 92.44791666666667 0
1733030098891 92.47819767441861 0
1733030098930 92.50710227272727 0
1733030098968 92.56944444444444 0
1733030099005 92.62907608695652 0
1733030099044 92.65292553191489 0
1733030099081 92.54557291666667 0
1733030099118 92.47448979591837 0
1733030099157 92.5625 0
1733030099195 92.52450980392157 0
1733030099234 92.4579326923077 0
1733030099274 92.45283018867924 0
1733030099313 92.44791666666667 0
1733030099352 92.5 0
1733030099390 92.578125 0
1733030099429 92.59868421052632 0
1733030099466 92.5646551724138 0
1733030099505 92.66419491525424 0
1733030099542 92.63020833333333 0
1733030099581 92.57172131147541 0
1733030099620 92.6663306451613 0
1733030099659 92.70833333333333 0
1733030099695 92.6513671875 0
1733030099734 92.64423076923077 0
1733030099772 92.61363636363636 0
1733030099810 92.60727611940298 0
1733030099848 92.578125 0
1733030099886 92.6177536231884 0
1733030099925 92.67857142857143 0
1733030099963 92.71566901408451 0
1733030100001 92.79513888888889 0
1733030100039 92.78681506849315 0
1733030100079 92.69425675675676 0
1733030100116 92.6875 0
1733030100154 92.68092105263158 0
1733030100193 92.59334415584415 0
1733030100231 92.58814102564102 0
1733030100269 92.60284810126582 0
1733030100307 92.5390625 0
1733030100345 92.49614197530865 0
1733030100382 92.4923780487805 0
1733030100420 92.54518072289157 0
1733030100459 92.50372023809524 0
1733030100500 92.51838235294117 0
1733030100539 92.51453488372093 0
1733030100577 92.45689655172414 0
1733030100615 92.45383522727273 0
1733030100652 92.46839887640449 0
1733030100691 92.43055555555556 0
1733030100729 92.41071428571429 0
1733030100767 92.3913043478261 0
1733030100806 92.38911290322581 0
1733030100843 92.37034574468085 0
1733030100881 92.36842105263158 0
1733030100920 92.36653645833333 0
1733030100958 92.39690721649484 0
1733030100995 92.31505102040816 0
1733030101032 92.31376262626263 0
1733030101071 92.359375 0
1733030101109 92.37314356435644 0
1733030101146 92.38664215686275 0
1733030101184 92.43021844660194 0
1733030101223 92.4579326923077 0
1733030101261 92.4702380952381 0
1733030101299 92.43808962264151 0
1733030101338 92.45035046728972 0
1733030101376 92.47685185185185 0
1733030101414 92.48853211009174 0
1733030101452 92.4715909090909 0
1733030101490 92.44087837837837 0
1733030101528 92.42466517857143 0
1733030101566 92.46404867256638 0
1733030101604 92.4342105263158 0
1733030101642 92.41847826086956 0
1733030101680 92.42995689655173 0
1733030101718 92.44123931623932 0
1733030101756 92.43908898305085 0
1733030101794 92.37132352941177 0
1733030101832 92.35677083333333 0
1733030101870 92.35537190082644 0
1733030101909 92.34118852459017 0
1733030101947 92.35264227642277 0
1733030101984 92.40171370967742 0
1733030102023 92.425 0
1733030102062 92.44791666666667 0
1733030102099 92.49507874015748 0
1733030102137 92.5048828125 0
1733030102174 92.51453488372093 0
1733030102212 92.5 0
1733030102249 92.48568702290076 0
1733030102288 92.48342803030303 0
1733030102326 92.41071428571429 0
1733030102365 92.40904850746269 0
1733030102403 92.41898148148148 0
1733030102441 92.44025735294117 0
1733030102479 92.46122262773723 0
1733030102517 92.45923913043478 0
1733030102554 92.42356115107914 0
1733030102594 92.44419642857143 0
1733030102631 92.4645390070922 0
1733030102669 92.42957746478874 0
1733030102707 92.41695804195804 0
1733030102745 92.41536458333333 0
1733030102783 92.44612068965517 0
1733030102823 92.41224315068493 0
1733030102860 92.37882653061224 0
1733030102898 92.36697635135135 0
1733030102937 92.35528523489933 0
1733030102976 92.3125 0
1733030103014 92.31167218543047 0
1733030103052 92.3314144736842 0
1733030103090 92.29983660130719 0
1733030103128 92.32954545454545 0
1733030103165 92.32862903225806 0
1733030103203 92.31770833333333 0
1733030103241 92.32683121019109 0
1733030103280 92.3556170886076 0
1733030103318 92.3250786163522 0
1733030103357 92.34375 0
1733030103394 92.36218944099379 0
1733030103432 92.3707561728395 0
1733030103470 92.3888036809816 0
1733030103509 92.3875762195122 0
1733030103547 92.36742424242425 0
1733030103584 92.36634036144578 0
1733030103622 92.38398203592814 0
1733030103660 92.35491071428571 0
1733030103697 92.3539201183432 0
1733030103735 92.37132352941177 0
1733030103773 92.36111111111111 0
1733030103811 92.36010174418605 0
1733030103850 92.38619942196532 0
1733030103888 92.40301724137932 0
1733030103927 92.42857142857143 0
1733030103964 92.41832386363636 0
1733030104001 92.4170197740113 0
1733030104040 92.40695224719101 0
1733030104078 92.4231843575419 0
1733030104116 92.43055555555556 0
1733030104153 92.42921270718232 0
1733030104191 92.42788461538461 0
1733030104228 92.40095628415301 0
1733030104266 92.3913043478261 0
1733030104303 92.38175675675676 0
1733030104341 92.36391129032258 0
1733030104379 92.35461229946524 0
1733030104418 92.36203457446808 0
1733030104456 92.36111111111111 0
1733030104493 92.35197368421052 0
1733030104531 92.37565445026178 0
1733030104569 92.39095052083333 0
1733030104607 92.38180051813471 0
1733030104645 92.38079896907216 0
1733030104683 92.39583333333333 0
1733030104721 92.39477040816327 0
1733030104760 92.41751269035532 0
1733030104799 92.42424242424242 0
1733030104838 92.43875628140704 0
1733030104876 92.4375 0
1733030104915 92.43625621890547 0
1733030104952 92.46596534653466 0
1733030104991 92.45689655172414 0
1733030105028 92.47855392156863 0
1733030105066 92.48475609756098 0
1733030105105 92.48331310679612 0
1733030105143 92.512077294686 0
1733030105181 92.51802884615384 0
1733030105220 92.5313995215311 0
1733030105258 92.54464285714286 0
1733030105297 92.52813981042654 0
1733030105335 92.54864386792453 0
1733030105373 92.56161971830986 0
1733030105411 92.57447429906541 0
1733030105449 92.55087209302326 0
1733030105487 92.53472222222223 0
1733030105524 92.54752304147465 0
1733030105563 92.55303899082568 0
1733030105601 92.55850456621005 0
1733030105638 92.55681818181819 0
1733030105677 92.56221719457014 0
1733030105715 92.57460585585585 0
1733030105753 92.55885650224215 0
1733030105791 92.55022321428571 0
1733030105829 92.55555555555556 0
1733030105866 92.56775442477876 0
1733030105904 92.56607929515418 0
1733030105942 92.578125 0
1733030105981 92.5559497816594 0
1733030106019 92.55434782608695 0
1733030106057 92.55275974025975 0
1733030106094 92.57139008620689 0
1733030106132 92.58315450643777 0
1733030106169 92.58814102564102 0
1733030106208 92.58643617021276 0
1733030106247 92.56488347457628 0
1733030106285 92.54351265822785 0
1733030106324 92.53545168067227 0
1733030106363 92.52745815899581 0
1733030106401 92.51302083333333 0
1733030106439 92.51167012448133 0
1733030106477 92.5103305785124 0
1733030106514 92.50900205761317 0
1733030106552 92.52689549180327 0
1733030106591 92.52551020408163 0
1733030106628 92.51778455284553 0
1733030106666 92.51644736842105 0
