1733030097238 0.21868173778057098 0
1733030097283 0.11180180311203003 0
1733030097329 0.12778747081756592 0
1733030097372 0.3109932541847229 0
1733030097414 0.2498934417963028 0
1733030097457 0.232050359249115 0
1733030097499 0.1469959318637848 0
1733030097539 0.27047601342201233 0
1733030097577 0.2612665891647339 0
1733030097616 0.21760410070419312 0
1733030097656 0.14392690360546112 0
1733030097694 0.2948130667209625 0
1733030097732 0.11705062538385391 0
1733030097772 0.15388606488704681 0
1733030097811 0.17335574328899384 0
1733030097849 0.35735052824020386 0
1733030097889 0.27844974398612976 0
1733030097928 0.12186563014984131 0
1733030097966 0.23796087503433228 0
1733030098005 0.2082400768995285 0
1733030098044 0.10293525457382202 0
1733030098082 0.19490663707256317 0
1733030098122 0.24077460169792175 0
1733030098160 0.10928145051002502 0
1733030098198 0.319705069065094 0
1733030098237 0.25142863392829895 0
1733030098275 0.0686420276761055 0
1733030098315 0.3265179991722107 0
1733030098354 0.1446116864681244 0
1733030098392 0.1874714195728302 0
1733030098430 0.09190057963132858 0
1733030098468 0.14989906549453735 0
1733030098507 0.21409276127815247 0
1733030098545 0.07971785217523575 0
1733030098583 0.24090442061424255 0
1733030098622 0.17210273444652557 0
1733030098660 0.07248388975858688 0
1733030098699 0.10150198638439178 0
1733030098738 0.2581692039966583 0
1733030098776 0.20598022639751434 0
1733030098814 0.19444683194160461 0
1733030098851 0.2795557379722595 0
1733030098890 0.13725164532661438 0
1733030098928 0.12977774441242218 0
1733030098966 0.16416035592556 0
1733030099003 0.15741200745105743 0
1733030099042 0.12033520638942719 0
1733030099079 0.3684130012989044 0
1733030099117 0.2500040829181671 0
1733030099155 0.15302720665931702 0
1733030099194 0.30828219652175903 0
1733030099232 0.2308070957660675 0
1733030099272 0.16354277729988098 0
1733030099312 0.17620496451854706 0
1733030099350 0.12124676257371902 0
1733030099388 0.13861094415187836 0
1733030099426 0.17069119215011597 0
1733030099465 0.2712765038013458 0
1733030099503 0.06952701508998871 0
1733030099541 0.17381927371025085 0
1733030099579 0.22429826855659485 0
1733030099618 0.07687638700008392 0
1733030099657 0.1611490249633789 0
1733030099693 0.28114134073257446 0
1733030099732 0.28879836201667786 0
1733030099770 0.16881787776947021 0
1733030099808 0.1234138011932373 0
1733030099846 0.22897601127624512 0
1733030099884 0.1624356508255005 0
1733030099923 0.16039061546325684 0
1733030099961 0.1449243277311325 0
1733030099999 0.13870428502559662 0
1733030100038 0.1951693296432495 0
1733030100077 0.33144447207450867 0
1733030100114 0.24531996250152588 0
1733030100153 0.23939485847949982 0
1733030100191 0.3079416751861572 0
1733030100229 0.22909873723983765 0
1733030100267 0.157521054148674 0
1733030100305 0.24432095885276794 0
1733030100343 0.23653271794319153 0
1733030100380 0.1593029797077179 0
1733030100418 0.15540185570716858 0
1733030100456 0.22471201419830322 0
1733030100497 0.20650352537631989 0
1733030100537 0.25509732961654663 0
1733030100575 0.2751167118549347 0
1733030100613 0.16698749363422394 0
1733030100650 0.0962766781449318 0
1733030100689 0.29457613825798035 0
1733030100727 0.24442198872566223 0
1733030100765 0.22120097279548645 0
1733030100804 0.19764719903469086 0
1733030100841 0.1942819058895111 0
1733030100879 0.15178997814655304 0
1733030100918 0.16703134775161743 0
1733030100956 0.1926114708185196 0
1733030100994 0.5066825747489929 0
1733030101031 0.21593691408634186 0
1733030101069 0.09452538937330246 0
1733030101107 0.13694041967391968 0
1733030101145 0.18589988350868225 0
1733030101182 0.09764844924211502 0
1733030101221 0.13547691702842712 0
1733030101259 0.19088956713676453 0
1733030101297 0.21065640449523926 0
1733030101336 0.1307218223810196 0
1733030101374 0.19479922950267792 0
1733030101412 0.1572457104921341 0
1733030101450 0.22243906557559967 0
1733030101488 0.23806670308113098 0
1733030101526 0.19090092182159424 0
1733030101564 0.1471003144979477 0
1733030101602 0.28697285056114197 0
1733030101640 0.18494217097759247 0
1733030101678 0.17580722272396088 0
1733030101716 0.2587539851665497 0
1733030101754 0.21045684814453125 0
1733030101793 0.3229169249534607 0
1733030101830 0.31121519207954407 0
1733030101868 0.22428253293037415 0
1733030101907 0.3826828896999359 0
1733030101945 0.1600709855556488 0
1733030101983 0.1127476617693901 0
1733030102022 0.16151949763298035 0
1733030102060 0.18507331609725952 0
1733030102097 0.1272098422050476 0
1733030102135 0.1696631908416748 0
1733030102172 0.13000182807445526 0
1733030102210 0.23430311679840088 0
1733030102248 0.29041531682014465 0
1733030102286 0.15724846720695496 0
1733030102324 0.3205330967903137 0
1733030102363 0.20867250859737396 0
1733030102401 0.2008468359708786 0
1733030102439 0.14758726954460144 0
1733030102477 0.10663057863712311 0
1733030102515 0.17917762696743011 0
1733030102553 0.320392370223999 0
1733030102592 0.15653401613235474 0
1733030102629 0.12403630465269089 0
1733030102667 0.22605781257152557 0
1733030102706 0.23992440104484558 0
1733030102744 0.30010300874710083 0
1733030102781 0.14546100795269012 0
1733030102821 0.20494616031646729 0
1733030102858 0.2841241955757141 0
1733030102897 0.20643112063407898 0
1733030102935 0.23073406517505646 0
1733030102974 0.37591829895973206 0
1733030103012 0.21986722946166992 0
1733030103050 0.17647238075733185 0
1733030103088 0.27489173412323 0
1733030103126 0.13901746273040771 0
1733030103164 0.16823452711105347 0
1733030103202 0.2698739767074585 0
1733030103239 0.19706937670707703 0
1733030103278 0.10513768345117569 0
1733030103316 0.27872395515441895 0
1733030103355 0.1969362050294876 0
1733030103392 0.1704290211200714 0
1733030103430 0.14828673005104065 0
1733030103468 0.20256350934505463 0
1733030103507 0.26442816853523254 0
1733030103544 0.2977766692638397 0
1733030103583 0.2690680921077728 0
1733030103621 0.2558943033218384 0
1733030103658 0.336759477853775 0
1733030103695 0.33039575815200806 0
1733030103734 0.16551323235034943 0
1733030103772 0.35735613107681274 0
1733030103810 0.33812034130096436 0
1733030103848 0.13100644946098328 0
1733030103886 0.11918680369853973 0
1733030103925 0.10228511691093445 0
1733030103962 0.29284098744392395 0
1733030104000 0.18498975038528442 0
1733030104038 0.19786731898784637 0
1733030104076 0.18873268365859985 0
1733030104114 0.2240343540906906 0
1733030104151 0.1481405794620514 0
1733030104189 0.22026680409908295 0
1733030104227 0.24453341960906982 0
1733030104264 0.21870218217372894 0
1733030104301 0.26053065061569214 0
1733030104339 0.2878792881965637 0
1733030104377 0.21300475299358368 0
1733030104416 0.1402694582939148 0
1733030104454 0.2379787117242813 0
1733030104491 0.18627549707889557 0
1733030104530 0.14214526116847992 0
1733030104567 0.11343102157115936 0
1733030104605 0.29536592960357666 0
1733030104643 0.16894637048244476 0
1733030104681 0.11141182482242584 0
1733030104719 0.1529362052679062 0
1733030104758 0.14393341541290283 0
1733030104798 0.14875046908855438 0
1733030104836 0.10090842843055725 0
1733030104874 0.2638389468193054 0
1733030104913 0.18628598749637604 0
1733030104950 0.11252536624670029 0
1733030104989 0.15316979587078094 0
1733030105027 0.09460236877202988 0
1733030105064 0.11195795983076096 0
1733030105102 0.13393372297286987 0
1733030105141 0.07992547005414963 0
1733030105179 0.18537235260009766 0
1733030105218 0.09012430906295776 0
1733030105257 0.14841614663600922 0
1733030105295 0.22191812098026276 0
1733030105333 0.11379090696573257 0
1733030105372 0.10621827840805054 0
1733030105409 0.14346764981746674 0
1733030105447 0.27187538146972656 0
1733030105485 0.1976800262928009 0
1733030105523 0.17027023434638977 0
1733030105561 0.12407384812831879 0
1733030105599 0.16147270798683167 0
1733030105637 0.1838909536600113 0
1733030105676 0.22993077337741852 0
1733030105713 0.14778628945350647 0
1733030105751 0.21496634185314178 0
1733030105790 0.23185396194458008 0
1733030105828 0.1664399802684784 0
1733030105864 0.16032011806964874 0
1733030105903 0.12333092838525772 0
1733030105941 0.09564919024705887 0
1733030105979 0.28116533160209656 0
1733030106017 0.12489679455757141 0
1733030106055 0.21648336946964264 0
1733030106092 0.10544420033693314 0
1733030106130 0.12400420010089874 0
1733030106168 0.1576371192932129 0
1733030106207 0.19074636697769165 0
1733030106245 0.3065968155860901 0
1733030106283 0.27781593799591064 0
1733030106322 0.27961766719818115 0
1733030106361 0.24936971068382263 0
1733030106399 0.26845431327819824 0
1733030106437 0.25140684843063354 0
1733030106475 0.20447185635566711 0
1733030106513 0.2793252468109131 0
1733030106550 0.12308330088853836 0
1733030106589 0.27978697419166565 0
1733030106626 0.15768304467201233 0
1733030106664 0.2312830239534378 0
